0 606 87 -71 41 1
0 568 109 -50 65 1
0 528 169 -14 80 1
0 521 229 12 80 1
0 540 292 59 56 1
0 604 327 75 31 1
0 674 347 80 -14 1
0 738 340 79 -20 1
0 804 322 50 -65 1
0 849 273 7 -82 1
0 856 205 -4 -82 1
0 848 155 -53 -63 1
0 802 104 -77 -30 1
0 750 84 -82 -5 1
0 697 78 -80 20 1
0 643 84 -79 24 1
0 538 348 -62 54 1
0 479 408 -36 73 1
0 447 473 -37 73 1
0 413 527 -61 55 1
0 361 542 -70 -44 1
0 301 509 -24 -79 1
0 286 449 -22 -80 1
0 261 385 -45 -69 1
0 236 354 -79 22 1
0 596 397 -28 77 1
0 575 460 -22 79 1
0 569 513 -19 79 1
0 561 562 -23 78 1
0 546 609 -63 53 1
0 503 647 -81 -14 1
0 442 646 -82 0 1
0 410 646 -82 -2 1
0 705 403 33 74 1
0 734 463 2 81 1
0 745 511 -4 81 1
0 751 560 30 75 1
0 781 613 39 71 1
0 823 656 81 1 1
0 880 662 63 -52 1
0 653 399 -6 81 1
0 648 432 4 81 1
0 656 485 -6 81 1
0 658 530 3 81 1
0 662 585 -16 80 1
0 651 642 -51 64 1
0 782 372 61 53 1
0 832 402 66 48 1
0 888 438 47 66 1
0 932 485 25 77 1
0 970 535 79 21 1
0 1020 569 81 6 1
0 1076 558 59 -57 1
0 1117 521 37 -73 1
0 1156 477 81 -10 1
0 628 658 -79 23 1
0 588 80 -73 -38 1
0 557 62 -77 -29 1
0 518 141 -28 -78 1
0 505 91 -13 -82 1
0 513 60 -44 -70 1
0 512 122 -11 -82 1
0 584 76 -78 -28 1
0 791 75 76 -31 1
0 852 58 70 -43 1
0 862 123 30 -77 1
0 524 359 -58 57 1
0 629 359 68 45 1
0 576 358 70 41 1
0 748 382 -82 2 1
0 645 195 82 0 1
0 750 194 81 -11 1
0 786 439 -55 -61 1
0 543 415 17 -81 1
0 850 455 -72 -41 1
